reconstructed subset (pynucastro AME masses) in MESA chem_data/isotopes.data layout
    al25 24.9904283   13   12
0
0
0
    al26 25.9868919   13   13
0
0
0
    al27 26.9815384   13   14
0
0
0
    al28 27.9819100   13   15
0
0
0
    ar35 34.9752577   18   17
0
0
0
    ar36 35.9675451   18   18
0
0
0
    ar37 36.9667763   18   19
0
0
0
    ar38 37.9627321   18   20
0
0
0
    ar39 38.9643132   18   21
0
0
0
    ar40 39.9623831   18   22
0
0
0
    ar41 40.9645006   18   23
0
0
0
     b10 10.0129369    5    5
0
0
0
     b11 11.0093052    5    6
0
0
0
      b8 8.0246073    5    3
0
0
0
    be10 10.0135347    4    6
0
0
0
     be7 7.0169287    4    3
0
0
0
     be9 9.0121831    4    5
0
0
0
     c12 12.0000000    6    6
0
0
0
     c13 13.0033548    6    7
0
0
0
    ca39 38.9707108   20   19
0
0
0
    ca40 39.9625909   20   20
0
0
0
    ca41 40.9622779   20   21
0
0
0
    ca42 41.9586178   20   22
0
0
0
    ca43 42.9587664   20   23
0
0
0
    ca44 43.9554815   20   24
0
0
0
    ca45 44.9561863   20   25
0
0
0
    ca46 45.9536877   20   26
0
0
0
    ca47 46.9545411   20   27
0
0
0
    ca48 47.9525227   20   28
0
0
0
    ca49 48.9556626   20   29
0
0
0
    cl35 34.9688527   17   18
0
0
0
    cl36 35.9683068   17   19
0
0
0
    cl37 36.9659026   17   20
0
0
0
    cl38 37.9680104   17   21
0
0
0
    co55 54.9419964   27   28
0
0
0
    co56 55.9398381   27   29
0
0
0
    co57 56.9362898   27   30
0
0
0
    co58 57.9357513   27   31
0
0
0
    co59 58.9331936   27   32
0
0
0
    co60 59.9338156   27   33
0
0
0
    co61 60.9324760   27   34
0
0
0
    cr48 47.9540298   24   24
0
0
0
    cr49 48.9513337   24   25
0
0
0
    cr50 49.9460422   24   26
0
0
0
    cr51 50.9447654   24   27
0
0
0
    cr52 51.9405047   24   28
0
0
0
    cr53 52.9406463   24   29
0
0
0
    cr54 53.9388774   24   30
0
0
0
    cr55 54.9408366   24   31
0
0
0
    cr60 59.9496417   24   36
0
0
0
    cu59 58.9394967   29   30
0
0
0
     f17 17.0020952    9    8
0
0
0
     f18 18.0009373    9    9
0
0
0
     f19 18.9984032    9   10
0
0
0
     f20 19.9999813    9   11
0
0
0
    fe52 51.9481134   26   26
0
0
0
    fe53 52.9453056   26   27
0
0
0
    fe54 53.9396082   26   28
0
0
0
    fe55 54.9382912   26   29
0
0
0
    fe56 55.9349355   26   30
0
0
0
    fe57 56.9353919   26   31
0
0
0
    fe58 57.9332735   26   32
0
0
0
    fe59 58.9348734   26   33
0
0
0
    fe60 59.9340704   26   34
0
0
0
    fe61 60.9367462   26   35
0
0
0
      h1 1.0078250    1    0
0
0
0
      h2 2.0141018    1    1
0
0
0
     he3 3.0160293    2    1
0
0
0
     he4 4.0026033    2    2
0
0
0
     k39 38.9637065   19   20
0
0
0
     k40 39.9639982   19   21
0
0
0
     k41 40.9618253   19   22
0
0
0
     k42 41.9624023   19   23
0
0
0
     li6 6.0151229    3    3
0
0
0
     li7 7.0160034    3    4
0
0
0
    mg23 22.9941238   12   11
0
0
0
    mg24 23.9850417   12   12
0
0
0
    mg25 24.9858370   12   13
0
0
0
    mg26 25.9825930   12   14
0
0
0
    mg27 26.9843407   12   15
0
0
0
    mn51 50.9482088   25   26
0
0
0
    mn52 51.9455591   25   27
0
0
0
    mn53 52.9412876   25   28
0
0
0
    mn54 53.9403558   25   29
0
0
0
    mn55 54.9380430   25   30
0
0
0
    mn56 55.9389028   25   31
0
0
0
     n13 13.0057386    7    6
0
0
0
     n14 14.0030740    7    7
0
0
0
     n15 15.0001089    7    8
0
0
0
     n16 16.0061019    7    9
0
0
0
    na21 20.9976545   11   10
0
0
0
    na22 21.9944375   11   11
0
0
0
    na23 22.9897693   11   12
0
0
0
    na24 23.9909630   11   13
0
0
0
    ne18 18.0057087   10    8
0
0
0
    ne19 19.0018809   10    9
0
0
0
    ne20 19.9924402   10   10
0
0
0
    ne21 20.9938467   10   11
0
0
0
    ne22 21.9913851   10   12
0
0
0
    ne23 22.9944669   10   13
0
0
0
    neut 1.0086649    0    1
0
0
0
    ni56 55.9421278   28   28
0
0
0
    ni57 56.9397914   28   29
0
0
0
    ni58 57.9353416   28   30
0
0
0
    ni59 58.9343455   28   31
0
0
0
    ni60 59.9307852   28   32
0
0
0
    ni61 60.9310549   28   33
0
0
0
    ni62 61.9283448   28   34
0
0
0
    ni63 62.9296690   28   35
0
0
0
    ni64 63.9279663   28   36
0
0
0
    ni65 64.9300846   28   37
0
0
0
     o14 14.0085967    8    6
0
0
0
     o15 15.0030656    8    7
0
0
0
     o16 15.9949146    8    8
0
0
0
     o17 16.9991318    8    9
0
0
0
     o18 17.9991596    8   10
0
0
0
     o19 19.0035780    8   11
0
0
0
     p30 29.9783135   15   15
0
0
0
     p31 30.9737620   15   16
0
0
0
     p32 31.9739076   15   17
0
0
0
     p33 32.9717256   15   18
0
0
0
     p34 33.9736459   15   19
0
0
0
    prot 1.0078250    1    0
0
0
0
     s31 30.9795570   16   15
0
0
0
     s32 31.9720712   16   16
0
0
0
     s33 32.9714589   16   17
0
0
0
     s34 33.9678670   16   18
0
0
0
     s35 34.9690323   16   19
0
0
0
     s36 35.9670807   16   20
0
0
0
     s37 36.9711255   16   21
0
0
0
    sc43 42.9611505   21   22
0
0
0
    sc44 43.9594029   21   23
0
0
0
    sc45 44.9559071   21   24
0
0
0
    sc46 45.9551671   21   25
0
0
0
    sc47 46.9524025   21   26
0
0
0
    sc48 47.9522230   21   27
0
0
0
    sc49 48.9500132   21   28
0
0
0
    si27 26.9867047   14   13
0
0
0
    si28 27.9769265   14   14
0
0
0
    si29 28.9764947   14   15
0
0
0
    si30 29.9737701   14   16
0
0
0
    si31 30.9753632   14   17
0
0
0
    si32 31.9741515   14   18
0
0
0
    si33 32.9779770   14   19
0
0
0
    ti44 43.9596899   22   22
0
0
0
    ti45 44.9581207   22   23
0
0
0
    ti46 45.9526264   22   24
0
0
0
    ti47 46.9517575   22   25
0
0
0
    ti48 47.9479407   22   26
0
0
0
    ti49 48.9478644   22   27
0
0
0
    ti50 49.9447856   22   28
0
0
0
    ti51 50.9466094   22   29
0
0
0
     v47 46.9549036   23   24
0
0
0
     v48 47.9522509   23   25
0
0
0
     v49 48.9485105   23   26
0
0
0
     v50 49.9471567   23   27
0
0
0
     v51 50.9439577   23   28
0
0
0
     v52 51.9447736   23   29
0
0
0
    zn60 59.9418413   30   30
0
0
0
